|C100|0|1|315|55|00|1|64317|26150205390477000225550010000643171111003029|03022015|03022015|631,92|1|0,00|0|631,92|9|0,00|0,00|0,00|631,92|139,34|0|0|0,00|10,43|48,02|0|0|
|C100|0|1|596|55|00|1|110472|26150212620757000167550010001104721925019627|02022015|03022015|397,72|1|8,12|0|405,84|9|0,00|0,00|0,00|397,72|67,61|0|0|0,00|0,98|4,54|0|0|
|C100|0|1|92|55|00|1|646150|26150200231329000163550010006461501189150026|02022015|03022015|527,47|1|0,00|0|527,47|9|0,00|0,00|0,00|527,47|89,67|0|0|0,00|0,00|0,00|0|0|
|C100|0|1|567|55|00|1|571191|26150208029696000352550010005711911003584913|03022015|03022015|570,86|1|0,00|0|570,86|9|0,00|0,00|0,00|570,86|97,05|0|0|0,00|9,42|43,39|0|0|
|C100|0|1|2|55|00|2|639533|26150204609653000123550020006395331006395331|03022015|03022015|1553,85|0|14,95|0|1568,80|9|0,00|0,00|0,00|0,00|0,00|0|0|0,00|25,89|119,20|0|0|
|C100|0|1|765|55|00|1|914819|26150211507415000172550010009148191716754074|02022015|03022015|2546,10|1|0,00|0|2481,57|9|0,00|0,00|0,00|2481,57|421,87|0|0|64,53|40,95|188,55|0|0|
|C100|0|1|765|55|00|1|914818|26150211507415000172550010009148181945721525|02022015|03022015|2219,21|1|0,00|0|2112,45|9|0,00|0,00|0,00|1332,87|226,59|0|0|53,24|21,96|101,32|0|0|
|C100|0|1|137|55|00|55|112108|26150203619029000144550550001121081001121081|02022015|03022015|699,47|1|0,00|0|699,47|9|0,00|0,00|0,00|699,47|118,91|0|0|0,00|1,63|7,46|0|0|
|C100|0|1|25|55|00|1|353264|26150283310441003485550010003532641450517917|04022015|04022015|781,77|1|49,99|0|831,76|9|0,00|0,00|0,00|781,77|132,90|0|0|0,00|7,12|32,83|0|0|
|C100|0|1|106|55|00|1|806719|26150201238035000126550010008067191106057653|04022015|04022015|702,52|1|0,00|0|643,08|9|0,00|0,00|0,00|0,00|0,00|0|0|7,07|10,58|48,85|0|0|
|C100|0|1|803|55|00|1|25902|26150203721769000197550010000259021004052900|04022015|04022015|443,48|0|0,00|0|443,48|9|0,00|0,00|0,00|0,00|0,00|0|0|0,00|0,00|0,00|0|0|
|C100|0|1|733|55|00|100|67070|26150204609653000395551000000670701000670704|03022015|04022015|869,76|0|0,00|0|869,76|9|0,00|0,00|0,00|539,04|91,64|0|0|0,00|9,41|43,37|0|0|
|C100|0|1|733|55|00|100|67071|26150204609653000395551000000670711000670710|03022015|04022015|560,01|0|0,00|0|520,80|9|0,00|0,00|0,00|148,32|25,21|0|0|0,00|6,38|29,37|0|0|
|C100|0|1|77|55|00|1|1126881|26150200048785001810550010011268811604979094|03022015|04022015|75,00|0|0,00|0|69,90|9|0,00|0,00|0,00|0,00|0,00|0|0|0,00|0,00|0,00|0|0|
|C100|0|1|77|55|00|1|1126859|26150200048785001810550010011268591604979093|03022015|04022015|66,21|0|0,00|0|60,66|9|0,00|0,00|0,00|0,00|0,00|0|0|2,16|0,00|0,00|0|0|
|C100|0|1|77|55|00|1|1126679|26150200048785001810550010011266791604979095|03022015|04022015|75,80|0|0,00|0|70,60|9|0,00|0,00|0,00|0,00|0,00|0|0|0,90|0,00|0,00|0|0|
|C100|0|1|2|55|00|2|640579|26150204609653000123550020006405791006405797|04022015|04022015|2372,65|0|0,00|0|2274,77|9|0,00|0,00|0,00|615,72|104,67|0|0|0,00|18,34|84,46|0|0|
|C100|0|1|381|55|00|4|4327229|26150208715757000173550040043272291043272299|03022015|04022015|641,17|1|0,00|0|604,49|9|0,00|0,00|4,91|39,21|6,67|0|0|20,98|0,00|0,00|0|0|
|C100|0|1|381|55|00|4|4327230|26150208715757000173550040043272301043272303|03022015|04022015|180,47|1|0,00|0|174,49|9|0,00|0,00|1,41|41,26|7,01|0|0|2,76|0,62|2,87|0|0|
|C100|0|1|381|55|00|4|4327231|26150208715757000173550040043272311043272319|03022015|04022015|395,21|1|0,00|0|370,50|9|0,00|0,00|3,59|39,21|6,67|0|0|17,23|0,00|0,00|0|0|
|C100|0|1|860|55|00|1|688|26150203980816000117550010000006881000006880|02022015|04022015|90,00|0|0,00|0|90,00|9|0,00|0,00|0,00|0,00|0,00|0|0|0,00|1,50|6,84|0|0|
|C100|0|1|862|55|00|1|34287|26150211118835000167550010000342871896386803|02022015|04022015|130,00|0|0,00|0|130,00|9|0,00|0,00|0,00|130,00|22,10|0|0|0,00|0,83|3,80|0|0|
|C100|0|1|838|55|00|1|2267|26150217941630000163550010000022671000181360|03022015|04022015|438,00|0|0,00|0|438,00|9|0,00|0,00|0,00|0,00|0,00|0|0|0,00|0,00|0,00|0|0|
|C100|0|1|482|55|00|1|362282|26150241221516000577550010003622821390000037|03022015|05022015|34,10|1|0,00|0|34,10|9|0,00|0,00|0,00|34,10|5,80|0|0|0,00|0,00|0,00|0|0|
|C100|0|1|482|55|00|1|362026|26150241221516000577550010003620261039233717|03022015|05022015|170,31|1|0,00|0|170,31|9|0,00|0,00|0,00|170,31|28,95|0|0|0,00|0,17|0,80|0|0|
|C100|0|1|422|55|00|1|78632|26150207620192000188550010000786321000786320|04022015|05022015|399,36|0|0,00|0|399,36|9|0,00|0,00|0,00|0,00|0,00|0|0|0,00|6,59|30,35|0|0|
|C100|0|1|509|55|00|1|10291|26150210975119000133550010000102911000102916|04022015|05022015|695,00|1|0,00|0|695,00|9|0,00|0,00|0,00|0,00|0,00|0|0|0,00|0,00|0,00|0|0|
|C100|0|1|818|55|00|1|32205|26150211363695000192550010000322051000322059|04022015|05022015|299,60|1|0,00|0|299,60|9|0,00|0,00|0,00|0,00|0,00|0|0|0,00|0,00|0,00|0|0|
|C100|0|1|759|55|00|1|43278|26150204080070000158550010000432781111005028|05022015|05022015|640,50|1|1,40|0|641,90|9|0,00|0,00|0,00|149,17|25,36|0|0|0,00|10,59|48,77|0|0|
|C100|1|0|329|55|00|1|25|26150218948432000194550010000000251000000253|05022015|05022015|97,60|1|0,00|0|97,60|9|0,00|0,00|0,00|0,00|0,00|0|0|0,00|0,00|0,00|0|0|
|C100|0|1|329|55|00|1|564797|26150207534303000133550010005647971111004026|04022015|05022015|1162,12|1|0,00|0|1162,12|9|0,00|0,00|0,00|500,18|85,03|0|0|0,00|0,00|0,00|0|0|
|C100|0|1|541|55|00|1|619850|26150260409075019252550010006198501573118360|04022015|05022015|84,52|1|0,00|0|84,52|9|0,00|0,00|0,00|84,52|14,37|0|0|0,00|0,73|3,38|0|0|
|C100|0|1|541|55|00|1|619851|26150260409075019252550010006198511438590658|04022015|05022015|288,35|1|0,00|0|288,35|9|0,00|0,00|0,00|0,00|0,00|0|0|0,00|2,70|12,45|0|0|
|C100|0|1|541|55|00|1|619849|26150260409075019252550010006198491241669128|04022015|05022015|1836,08|1|0,00|0|1834,80|9|0,00|0,00|0,00|1834,80|311,92|0|0|1,28|19,95|91,85|0|0|
|C100|0|1|206|55|00|1|289322|26150205429222000148550010002893221909009706|04022015|05022015|968,64|1|0,00|0|968,64|9|0,00|0,00|0,00|0,00|0,00|0|0|0,00|15,98|73,62|0|0|
|C100|0|1|777|55|00|1|176072|26150250221019006339550010001760721470624465|04022015|05022015|119,33|1|0,00|0|114,64|9|0,00|0,00|0,68|28,65|4,87|0|0|0,00|0,00|0,00|0|0|
|C100|0|1|680|55|00|1|163874|26150269933844000191550010001638741879156142|04022015|05022015|855,39|1|0,00|0|855,39|9|0,00|0,00|0,00|817,00|138,89|0|0|0,00|14,11|65,01|0|0|
|C100|0|1|680|55|00|1|163873|26150269933844000191550010001638731159838388|04022015|05022015|1406,76|1|0,00|0|1406,76|9|0,00|0,00|0,00|100,43|17,07|0|0|0,00|19,85|91,47|0|0|
|C100|0|1|53|55|00|1|1267914|26150275315333008789550010012679142012679149|05022015|05022015|593,73|1|0,00|0|593,73|9|0,00|0,00|0,00|0,00|0,00|0|0|0,00|1,61|7,40|0|0|
|C100|0|1|53|55|00|1|1267911|26150275315333008789550010012679112012679112|05022015|05022015|1130,16|1|0,00|0|1130,16|9|0,00|0,00|0,00|1130,16|192,13|0|0|0,00|17,64|81,21|0|0|
|C100|0|1|53|55|00|1|1267913|26150275315333008789550010012679132012679133|05022015|05022015|1335,54|1|0,00|0|1335,54|9|0,00|0,00|0,00|0,00|0,00|0|0|0,00|9,53|43,89|0|0|
|C100|0|1|53|55|00|1|1267912|26150275315333008789550010012679122012679128|05022015|05022015|1967,87|1|0,00|0|1967,87|9|0,00|0,00|0,00|0,00|0,00|0|0|0,00|15,05|69,28|0|0|
|C100|0|1|383|01|00|19|20623||05022015|05022015|204,00|0|21,21|0|224,03|9|0,00|0,00|0,00|185,12|31,47|0|0|0,00|3,68|17,02|0|0|
|C100|0|1|147|55|00|5|1040680|26150201838723016201550050010406801905275441|04022015|05022015|1084,64|1|45,66|0|1130,30|9|0,00|0,00|0,00|1084,64|184,39|0|0|0,00|8,36|38,46|0|0|
|C100|0|1|147|55|00|5|1040681|26150201838723016201550050010406811942549280|04022015|05022015|370,66|1|2,66|0|373,32|9|0,00|0,00|0,00|314,15|53,41|0|0|0,00|5,24|24,07|0|0|
|C100|0|1|48|55|00|3|436670|26150202678694000227550030004366701111004026|04022015|05022015|390,00|1|0,00|0|390,00|9|0,00|0,00|0,00|0,00|0,00|0|0|0,00|6,44|29,64|0|0|
|C100|0|1|48|55|00|3|436671|26150202678694000227550030004366711111004023|04022015|05022015|504,18|1|0,00|0|504,18|9|0,00|0,00|0,00|504,18|85,71|0|0|0,00|8,33|38,31|0|0|
|C100|0|1|331|55|00|1|250809|26150202914460009298550010002508091461946221|03022015|06022015|497,33|1|0,00|0|497,33|9|0,00|0,00|0,00|434,63|73,89|0|0|0,00|5,26|24,26|0|0|
|C100|1|0|31|55|00|1|26|26150218948432000194550010000000261000000269|06022015|06022015|199,03|1|0,00|0|199,03|9|0,00|0,00|0,00|0,00|0,00|0|0|0,00|0,83|3,82|0|0|
|C100|0|1|31|55|00|1|1903729|26150270089974000179550010019037291364230019|05022015|06022015|1788,71|1|4,60|0|1793,31|9|0,00|0,00|0,00|686,13|127,08|0|0|0,00|13,75|63,37|0|0|
|C100|0|1|31|55|00|1|1903730|26150270089974000179550010019037301812891758|05022015|06022015|279,25|1|0,00|0|279,25|9|0,00|0,00|0,00|279,25|47,47|0|0|0,00|4,61|21,22|0|0|
|C100|0|1|680|55|00|1|164080|26150269933844000191550010001640801912000019|06022015|06022015|257,90|1|0,00|0|257,90|9|0,00|0,00|0,00|257,90|43,84|0|0|0,00|0,00|0,00|0|0|
|C100|0|1|766|55|00|23|668677|26150207526557002315550230006686771154516683|05022015|06022015|424,09|1|229,53|0|616,59|9|0,00|0,00|4,95|0,00|0,00|0|0|11,81|0,00|0,00|0|0|
|C100|0|1|42|55|00|1|2079992|26150205476815000165550010020799921111004022|04022015|06022015|1039,97|1|0,00|0|961,64|9|0,00|0,00|0,00|128,21|24,74|0|0|0,00|6,17|28,39|0|0|
|C100|0|1|70|55|00|1|488990|26150207306229000106550010004889901111005023|05022015|06022015|1588,00|1|0,00|0|1588,00|9|0,00|0,00|0,00|1588,00|269,96|0|0|0,00|9,74|44,84|0|0|
|C100|0|1|494|01|00|25|13132||06022015|06022015|319,86|0|0,00|0|319,86|9|0,00|0,00|0,00|0,00|0,00|0|0|0,00|5,30|24,29|0|0|
|C100|0|1|494|01|00|25|13133||06022015|06022015|45,64|0|0,00|0|45,64|9|0,00|0,00|0,00|0,00|0,00|0|0|0,00|0,76|3,48|0|0|
|C100|0|1|260|55|00|4|117256|26150207288903000169550040001172561111003020|03022015|06022015|1235,04|1|0,00|0|1235,04|9|0,00|0,00|0,00|1235,04|209,96|0|0|0,00|20,37|93,91|0|0|
|C100|0|1|863|55|00|1|4|26150221104041000106550010000000041730000616|04022015|06022015|151,80|0|0,00|0|151,80|9|0,00|0,00|0,00|0,00|0,00|0|0|0,00|1,76|8,07|0|0|
|C100|0|1|817|55|00|1|30766|26150204955676000190550010000307661000307669|06022015|06022015|907,95|0|0,00|0|907,95|9|0,00|0,00|0,00|779,20|132,46|0|0|0,00|0,00|0,00|0|0|
|C100|0|1|463|55|00|1|71738|26150212716375000131550010000717381000000014|05022015|06022015|53,47|1|0,00|0|53,47|9|0,00|0,00|0,00|53,47|9,09|0|0|0,00|0,62|2,87|0|0|
|C100|0|1|463|55|00|1|71737|26150212716375000131550010000717371000000017|05022015|06022015|604,58|1|0,00|0|604,58|9|0,00|0,00|0,00|604,58|102,78|0|0|0,00|0,00|0,00|0|0|
|C100|0|1|572|55|00|1|193566|26150207715769000135550010001935661004187767|07022015|07022015|773,24|1|0,00|0|773,24|9|0,00|0,00|0,00|0,00|0,00|0|0|0,00|0,00|0,00|0|0|
|C100|0|1|858|55|00|1|14275|26150211744898000390550010000142751111006024|06022015|07022015|1340,30|1|0,00|0|1340,30|9|0,00|0,00|0,00|0,00|0,00|0|0|0,00|0,00|0,00|0|0|
|C100|0|1|381|55|00|4|4337494|26150208715757000173550040043374941043374949|06022015|07022015|132,43|1|0,00|0|126,47|9|0,00|0,00|1,23|0,00|0,00|0|0|4,17|0,00|0,00|0|0|
|C100|0|1|381|55|00|4|4337496|26150208715757000173550040043374961043374960|06022015|07022015|125,40|1|0,00|0|117,77|9|0,00|0,00|0,93|0,00|0,00|0|0|4,44|0,00|0,00|0|0|
|C100|0|1|303|55|00|1|6000|26150200836590000197550010000060001000060007|04022015|07022015|2000,00|0|0,00|0|2000,00|9|0,00|0,00|0,00|0,00|0,00|0|0|0,00|33,00|152,00|0|0|
|C100|0|1|381|55|00|4|4337492|26150208715757000173550040043374921043374928|06022015|07022015|1310,93|1|0,00|0|1218,53|9|0,00|0,00|9,64|0,00|0,00|0|0|56,98|0,00|0,00|0|0|
|C100|0|1|381|55|00|4|4337493|26150208715757000173550040043374931043374933|06022015|07022015|609,22|1|0,00|0|573,76|9|0,00|0,00|4,67|0,00|0,00|0|0|20,32|0,37|1,72|0|0|
|C100|0|1|31|55|00|1|1905947|26150270089974000179550010019059471929533450|07022015|09022015|669,43|1|4,86|0|604,87|9|0,00|0,00|0,00|0,00|0,00|0|0|0,00|1,85|8,54|0|0|
|C100|0|1|857|55|00|1|369|26150218870558000193550010000003691000003692|09022015|09022015|155,00|0|0,00|0|155,00|9|0,00|0,00|0,00|0,00|0,00|0|0|0,00|0,58|2,66|0|0|
|C100|0|1|83|55|00|3|196147|26150269944973000185550030001961471111006021|06022015|09022015|801,55|1|0,00|0|801,55|9|0,00|0,00|0,00|801,55|136,26|0|0|0,00|13,22|60,92|0|0|
|C100|0|1|37|55|00|1|175992|26150210808491000155550010001759921001759925|04022015|10022015|726,00|1|0,00|0|726,00|9|0,00|0,00|0,00|511,20|86,90|0|0|0,00|0,00|0,00|0|0|
|C100|0|1|500|55|00|1|42774|26150206859411000113550010000427741111009023|09022015|10022015|858,00|0|0,00|0|858,00|9|0,00|0,00|0,00|0,00|0,00|0|0|0,00|0,00|0,00|0|0|
|C100|0|1|92|55|00|1|648520|26150200231329000163550010006485201189520097|09022015|10022015|415,77|1|0,00|0|415,77|9|0,00|0,00|0,00|415,77|70,68|0|0|0,00|0,00|0,00|0|0|
|C100|0|1|567|55|00|1|575599|26150208029696000352550010005755991003946376|10022015|10022015|645,82|1|0,00|0|645,82|9|0,00|0,00|0,00|645,82|109,79|0|0|0,00|10,65|49,08|0|0|
|C100|0|1|596|55|00|1|111431|26150212620757000167550010001114311247139357|10022015|10022015|375,73|0|7,67|0|383,40|9|0,00|0,00|0,00|375,73|63,87|0|0|0,00|0,16|0,75|0|0|
|C100|0|1|2|55|00|2|642147|26150204609653000123550020006421471006421478|10022015|10022015|656,85|0|0,00|0|656,85|9|0,00|0,00|0,00|184,28|31,33|0|0|0,00|10,83|49,93|0|0|
|C100|0|1|584|55|00|1|61631|26150208690652000107550010000616311560623110|09022015|10022015|85,00|1|0,00|0|85,00|9|0,00|0,00|0,00|85,00|14,45|0|0|0,00|1,40|6,46|0|0|
|C100|0|1|584|55|00|1|61577|26150208690652000107550010000615771550627176|09022015|10022015|356,00|1|0,00|0|356,00|9|0,00|0,00|0,00|356,00|60,52|0|0|0,00|5,87|27,06|0|0|
|C100|0|1|7|55|00|1|417004|26150205157816000147550010004170041288342013|06022015|10022015|735,24|1|0,00|0|735,24|9|0,00|0,00|0,00|735,24|124,99|0|0|0,00|12,13|55,86|0|0|
|C100|0|1|7|55|00|1|417005|26150205157816000147550010004170051802885364|06022015|10022015|862,17|1|0,00|0|802,80|9|0,00|0,00|0,00|270,90|46,05|0|0|0,00|4,47|20,60|0|0|
|C100|0|1|420|55|00|3|57145|26150264904295001002550030000571451612403354|09022015|10022015|900,00|1|0,00|0|900,00|9|0,00|0,00|0,00|900,00|153,00|0|0|0,00|0,00|0,00|0|0|
|C100|0|1|298|55|00|1|258851|26150210483444002122550010002588511549986915|10022015|11022015|376,54|1|0,00|0|374,94|9|0,00|0,00|1,60|374,94|63,74|0|0|0,00|2,61|12,06|0|0|
|C100|0|1|482|55|00|1|364483|26150241221516000577550010003644831220000050|10022015|11022015|101,82|1|0,00|0|101,82|9|0,00|0,00|0,00|101,82|17,31|0|0|0,00|0,56|2,61|0|0|
|C100|0|1|104|55|00|1|556884|26150201405269000110550010005568841076000036|10022015|11022015|455,08|1|0,00|0|455,08|9|0,00|0,00|0,00|455,08|77,36|0|0|0,00|0,00|0,00|0|0|
|C100|0|1|381|55|00|4|4343793|26150208715757000173550040043437931043437937|10022015|11022015|382,86|1|0,00|0|370,80|9|0,00|0,00|3,28|190,82|32,44|0|0|7,50|1,52|7,03|0|0|
|C100|0|1|381|55|00|4|4343791|26150208715757000173550040043437911043437916|10022015|11022015|566,66|1|0,00|0|539,16|9|0,00|0,00|4,13|110,53|18,79|0|0|15,42|0,40|1,86|0|0|
|C100|0|1|381|55|00|4|4343792|26150208715757000173550040043437921043437921|10022015|11022015|227,50|1|0,00|0|220,71|9|0,00|0,00|1,69|68,20|11,59|0|0|2,91|1,32|6,11|0|0|
|C100|0|1|838|55|00|1|2322|26150217941630000163550010000023221000185769|10022015|11022015|937,00|0|0,00|0|937,00|9|0,00|0,00|0,00|264,00|44,88|0|0|0,00|0,00|0,00|0|0|
|C100|0|1|106|55|00|1|810965|26150201238035000126550010008109651648736752|11022015|11022015|475,65|1|0,00|0|433,84|9|0,00|0,00|0,00|0,00|0,00|0|0|5,47|7,15|32,96|0|0|
|C100|0|1|858|55|00|1|15338|26150211744898000390550010000153381111011024|11022015|11022015|1313,76|1|0,00|0|1313,76|9|0,00|0,00|0,00|0,00|0,00|0|0|0,00|0,00|0,00|0|0|
|C100|0|1|818|55|00|1|32613|26150211363695000192550010000326131000326139|11022015|12022015|604,05|1|0,00|0|604,05|9|0,00|0,00|0,00|0,00|0,00|0|0|0,00|0,00|0,00|0|0|
|C100|0|1|27|55|00|6|753324|26150235627413000347550060007533241111012020|12022015|12022015|519,59|1|0,00|0|519,59|9|0,00|0,00|0,00|251,67|42,78|0|0|0,00|5,49|25,30|0|0|
|C100|0|1|777|55|00|1|179833|26150250221019006339550010001798331687775790|11022015|12022015|945,89|1|0,00|0|897,04|9|0,00|0,00|4,57|93,61|15,91|0|0|0,00|0,00|0,00|0|0|
|C100|0|1|777|55|00|1|179832|26150250221019006339550010001798321796491702|11022015|12022015|265,13|1|0,00|0|256,10|9|0,00|0,00|1,20|0,00|0,00|0|0|0,00|0,00|0,00|0|0|
|C100|0|1|541|55|00|1|623418|26150260409075019252550010006234181545880374|11022015|12022015|241,78|1|0,00|0|241,78|9|0,00|0,00|0,00|0,00|0,00|0|0|0,00|4,00|18,37|0|0|
|C100|0|1|541|55|00|1|623416|26150260409075019252550010006234161675043540|11022015|12022015|50,84|1|0,00|0|50,84|9|0,00|0,00|0,00|50,84|8,64|0|0|0,00|0,84|3,86|0|0|
|C100|0|1|541|55|00|1|623417|26150260409075019252550010006234171105400300|11022015|12022015|896,71|1|0,00|0|896,71|9|0,00|0,00|0,00|896,71|152,44|0|0|0,00|9,45|43,46|0|0|
|C100|0|1|383|01|00|19|20667||12022015|12022015|413,01|0|59,24|0|472,25|9|0,00|0,00|0,00|413,01|70,21|0|0|0,00|7,80|35,90|0|0|
|C100|0|1|539|55|00|1|39009|26150200375180000196550010000390091000390098|12022015|12022015|318,40|1|0,00|0|318,40|9|0,00|0,00|0,00|318,40|58,93|0|0|0,00|4,76|21,94|0|0|
|C100|0|1|539|55|00|1|39008|26150200375180000196550010000390081000390082|12022015|12022015|1755,70|1|0,00|0|1755,70|9|0,00|0,00|0,00|0,00|0,00|0|0|0,00|21,59|99,36|0|0|
|C100|0|1|206|55|00|1|290999|26150205429222000148550010002909991660500000|11022015|12022015|495,06|1|0,00|0|495,06|9|0,00|0,00|0,00|0,00|0,00|0|0|0,00|4,54|20,93|0|0|
|C100|0|1|147|55|00|5|1052981|26150201838723016201550050010529811534885642|11022015|12022015|616,01|1|34,51|0|650,52|9|0,00|0,00|0,00|415,68|70,67|0|0|0,00|7,28|33,53|0|0|
|C100|0|1|147|55|00|5|1052980|26150201838723016201550050010529801027927304|11022015|12022015|1098,21|1|43,61|0|1141,82|9|0,00|0,00|0,00|888,21|151,00|0|0|0,00|8,14|37,43|0|0|
|C100|0|1|43|55|00|1|1000526|26150222924203000379550010010005261001011569|11022015|12022015|965,22|0|0,00|0|941,97|9|0,00|0,00|0,00|306,54|52,11|0|0|0,00|11,97|55,07|0|0|
|C100|0|1|53|55|00|1|1273047|26150275315333008789550010012730471012730470|12022015|12022015|651,24|1|0,00|0|651,24|9|0,00|0,00|0,00|651,24|110,71|0|0|0,00|7,56|34,84|0|0|
|C100|0|1|53|55|00|1|1273048|26150275315333008789550010012730481012730485|12022015|12022015|838,77|1|0,00|0|838,77|9|0,00|0,00|0,00|838,77|142,59|0|0|0,00|13,83|63,73|0|0|
|C100|0|1|53|55|00|1|1273049|26150275315333008789550010012730491012730490|12022015|12022015|842,20|1|0,00|0|842,20|9|0,00|0,00|0,00|0,00|0,00|0|0|0,00|0,00|0,00|0|0|
|C100|0|1|107|55|00|5|132335|26150203226633000100550050001323351703665305|11022015|13022015|944,50|1|0,00|0|944,50|9|0,00|0,00|0,00|66,50|11,31|0|0|0,00|0,83|3,80|0|0|
|C100|0|1|860|55|00|1|708|26150203980816000117550010000007081000007083|10022015|13022015|79,60|0|0,00|0|79,60|9|0,00|0,00|0,00|0,00|0,00|0|0|0,00|1,31|6,05|0|0|
|C100|0|1|812|55|00|1|795|26150202079587000100550010000007951868477603|11022015|13022015|154,35|0|0,00|0|154,35|9|0,00|0,00|0,00|0,00|0,00|0|0|0,00|1,92|8,85|0|0|
|C100|0|1|802|55|00|1|13261|26150203651710000170550010000132611000046558|09022015|13022015|88,00|0|0,00|0|88,00|9|0,00|0,00|0,00|75,00|12,75|0|0|0,00|0,00|0,00|0|0|
|C100|0|1|802|55|00|1|13260|26150203651710000170550010000132601000046542|07022015|13022015|210,00|0|0,00|0|210,00|9|0,00|0,00|0,00|210,00|35,70|0|0|0,00|0,83|3,80|0|0|
|C100|0|1|802|55|00|1|13239|26150203651710000170550010000132391000046123|05022015|13022015|83,00|0|0,00|0|83,00|9|0,00|0,00|0,00|70,00|11,90|0|0|0,00|0,00|0,00|0|0|
|C100|0|1|802|55|00|1|13301|26150203651710000170550010000133011000047691|12022015|13022015|158,00|0|0,00|0|158,00|9|0,00|0,00|0,00|130,00|22,10|0|0|0,00|0,83|3,80|0|0|
|C100|0|1|43|55|00|1|1000924|26150222924203000379550010010009241001011965|12022015|13022015|284,70|0|0,00|0|284,70|9|0,00|0,00|0,00|284,70|48,40|0|0|0,00|4,67|21,60|0|0|
|C100|0|1|759|55|00|1|43629|26150204080070000158550010000436291111012021|12022015|13022015|1438,69|1|9,36|0|1448,05|9|0,00|0,00|0,00|1217,77|215,35|0|0|0,00|17,73|81,71|0|0|
|C100|0|1|137|55|00|55|113121|26150203619029000144550550001131211001131210|10022015|13022015|561,40|1|0,00|0|561,40|9|0,00|0,00|0,00|561,40|95,44|0|0|0,00|1,64|7,54|0|0|
|C100|0|1|494|01|00|25|13238||13022015|13022015|26,20|0|0,00|0|26,20|9|0,00|0,00|0,00|0,00|0,00|0|0|0,00|0,44|2,00|0|0|
|C100|0|1|494|01|00|25|13237||13022015|13022015|252,35|0|0,00|0|252,35|9|0,00|0,00|0,00|0,00|0,00|0|0|0,00|4,18|19,17|0|0|
|C100|0|1|63|55|00|1|267079|26150209991639000150550010002670791005170512|10022015|13022015|854,61|1|0,00|0|854,61|9|0,00|0,00|0,00|0,00|0,00|0|0|0,00|12,09|55,93|0|0|
|C100|0|1|811|55|00|1|3239|26150216863610000159550010000032391300300000|13022015|13022015|114,00|0|0,00|0|114,00|9|0,00|0,00|0,00|0,00|0,00|0|0|0,00|1,88|8,66|0|0|
|C100|0|1|294|55|00|2|1480|26150211546795000154550020000014801930860197|03022015|13022015|110,80|1|0,00|0|110,80|9|0,00|0,00|0,00|0,00|0,00|0|0|0,00|1,83|8,42|0|0|
|C100|0|1|858|55|00|1|15931|26150211744898000390550010000159311111013029|13022015|13022015|522,26|1|0,00|0|522,26|9|0,00|0,00|0,00|0,00|0,00|0|0|0,00|0,00|0,00|0|0|
|C100|0|1|31|55|00|1|1913573|26150270089974000179550010019135731065616099|13022015|18022015|102,90|1|0,00|0|102,90|9|0,00|0,00|0,00|102,90|17,49|0|0|0,00|1,70|7,82|0|0|
|C100|0|1|31|55|00|1|1913572|26150270089974000179550010019135721989973940|13022015|18022015|269,83|1|2,55|0|272,38|9|0,00|0,00|0,00|121,63|20,68|0|0|0,00|2,28|10,50|0|0|
|C100|0|1|31|55|00|1|1913571|26150270089974000179550010019135711505837107|13022015|18022015|223,37|1|0,00|0|204,90|9|0,00|0,00|0,00|0,00|0,00|0|0|0,00|0,00|0,00|0|0|
|C100|0|1|381|55|00|4|4353744|26150208715757000173550040043537441043537442|13022015|18022015|241,54|1|0,00|0|227,33|9|0,00|0,00|1,82|24,35|4,14|0|0|9,77|0,40|1,85|0|0|
|C100|0|1|864|01|00|1|104||18022015|18022015|92,00|0|0,00|0|92,00|9|0,00|0,00|0,00|0,00|0,00|0|0|0,00|0,00|0,00|0|0|
|C100|0|1|38|55|00|4|348202|26150204054534000151550040003482021111012027|12022015|18022015|616,07|1|0,00|0|583,90|9|0,00|0,00|0,00|155,47|26,43|0|0|0,00|5,52|25,41|0|0|
|C100|0|1|38|55|00|4|348201|26150204054534000151550040003482011111012020|12022015|18022015|975,34|1|0,00|0|924,43|9|0,00|0,00|0,00|298,73|50,78|0|0|0,00|2,20|10,12|0|0|
|C100|0|1|83|55|00|3|197616|26150269944973000185550030001976161111013023|13022015|18022015|605,21|1|0,00|0|605,21|9|0,00|0,00|0,00|555,32|94,40|0|0|0,00|9,14|42,20|0|0|
|C100|0|1|329|55|00|1|567877|26150207534303000133550010005678771111018023|18022015|19022015|602,49|1|0,00|0|602,49|9|0,00|0,00|0,00|471,99|80,24|0|0|0,00|3,67|16,89|0|0|
|C100|0|1|106|55|00|1|814609|26150201238035000126550010008146091617162749|19022015|19022015|407,25|1|0,00|0|371,64|9|0,00|0,00|0,00|0,00|0,00|0|0|4,00|6,11|28,23|0|0|
|C100|0|1|567|55|00|1|579496|26150208029696000352550010005794961004261122|19022015|19022015|1013,37|1|0,00|0|1013,37|9|0,00|0,00|0,00|635,57|108,05|0|0|0,00|4,02|18,51|0|0|
|C100|0|1|817|55|00|1|30884|26150204955676000190550010000308841000308847|19022015|19022015|973,81|0|0,00|0|973,81|9|0,00|0,00|0,00|771,06|131,08|0|0|0,00|11,05|50,99|0|0|
|C100|1|0|403|55|00|1|27|26150218948432000194550010000000271000000274|20022015|20022015|183,35|1|0,00|0|183,35|9|0,00|0,00|0,00|0,00|0,00|0|0|0,00|3,03|13,93|0|0|
|C100|0|1|858|55|00|1|17083|26150211744898000390550010000170831111020021|20022015|20022015|1276,98|1|0,00|0|1276,98|9|0,00|0,00|0,00|0,00|0,00|0|0|0,00|0,00|0,00|0|0|
|C100|0|1|403|55|00|1|136973|26150207620045000108550010001369731001369739|20022015|20022015|135,12|1|0,00|0|135,12|9|0,00|0,00|0,00|135,12|22,97|0|0|0,00|2,23|10,27|0|0|
|C100|0|1|403|55|00|1|136972|26150207620045000108550010001369721001369723|20022015|20022015|427,29|1|0,00|0|427,29|9|0,00|0,00|0,00|0,00|0,00|0|0|0,00|5,64|25,94|0|0|
|C100|0|1|863|55|00|1|8|26150221104041000106550010000000081000937004|16022015|20022015|62,40|0|0,00|0|62,40|9|0,00|0,00|0,00|0,00|0,00|0|0|0,00|1,04|4,72|0|0|
|C100|0|1|766|55|00|23|689163|26150207526557002315550230006891631095215910|19022015|20022015|493,00|1|230,49|0|668,98|9|0,00|0,00|5,75|15,12|2,57|0|0|21,25|0,00|0,00|0|0|
|C100|0|1|494|01|00|25|13320||20022015|20022015|344,25|0|0,00|0|344,25|9|0,00|0,00|0,00|0,00|0,00|0|0|0,00|5,71|26,15|0|0|
|C100|0|1|494|01|00|25|13321||20022015|20022015|44,64|0|0,00|0|44,64|9|0,00|0,00|0,00|0,00|0,00|0|0|0,00|0,74|3,40|0|0|
|C100|0|1|282|55|00|0|770726|26150243214055000964550000007707261239490453|21022015|23022015|172,12|1|0,00|0|172,12|9|0,00|0,00|0,00|172,12|29,26|0|0|0,00|2,84|13,08|0|0|
|C100|0|1|381|55|00|4|4364364|26150208715757000173550040043643641043643640|20022015|23022015|25,08|1|0,00|0|23,52|9|0,00|0,00|0,22|0,00|0,00|0|0|0,89|0,00|0,00|0|0|
|C100|0|1|381|55|00|4|4364363|26150208715757000173550040043643631043643635|20022015|23022015|365,56|1|0,00|0|352,43|9|0,00|0,00|3,29|165,34|28,11|0|0|9,74|1,57|7,23|0|0|
|C100|0|1|381|55|00|4|4364361|26150208715757000173550040043643611043643614|20022015|23022015|382,60|1|0,00|0|367,91|9|0,00|0,00|3,15|197,00|33,49|0|0|7,93|0,80|3,70|0|0|
|C100|0|1|381|55|00|4|4364360|26150208715757000173550040043643601043643609|20022015|23022015|437,91|1|0,00|0|413,15|9|0,00|0,00|3,17|12,26|2,08|0|0|14,16|0,30|1,40|0|0|
|C100|0|1|429|55|00|1|22291|26150212336734000125550010000222911000222910|20022015|23022015|669,00|1|0,00|0|669,00|9|0,00|0,00|0,00|609,00|103,53|0|0|0,00|11,05|50,84|0|0|
|C100|0|1|865|55|00|2|115|26150221692893000153550020000001151196710049|23022015|23022015|159,00|1|0,00|0|159,00|9|0,00|0,00|0,00|0,00|0,00|0|0|0,00|0,00|0,00|0|0|
|C100|0|1|381|55|00|4|4364362|26150208715757000173550040043643621043643620|20022015|23022015|322,66|1|0,00|0|304,49|9|0,00|0,00|2,74|38,98|6,63|0|0|8,52|0,84|3,89|0|0|
|C100|0|1|846|55|00|1|20348|26150205513384000160550010000203481288168317|23022015|24022015|259,60|1|0,00|0|259,60|9|0,00|0,00|0,00|0,00|0,00|0|0|0,00|0,00|0,00|0|0|
|C100|0|1|572|55|00|1|197110|26150207715769000135550010001971101004400828|24022015|24022015|1199,65|1|0,00|0|1199,65|9|0,00|0,00|0,00|0,00|0,00|0|0|0,00|0,00|0,00|0|0|
|C100|0|1|2|55|00|2|646199|26150204609653000123550020006461991006461997|24022015|24022015|2491,59|0|0,00|0|2477,68|9|0,00|0,00|0,00|1960,43|333,27|0|0|0,00|39,22|180,64|0|0|
|C100|0|1|2|55|00|2|646204|26150204609653000123550020006462041006462049|24022015|24022015|743,92|0|0,00|0|743,92|9|0,00|0,00|0,00|593,62|100,92|0|0|0,00|8,33|38,35|0|0|
|C100|0|1|2|55|00|2|646195|26150204609653000123550020006461951006461955|24022015|24022015|510,72|0|0,00|0|510,72|9|0,00|0,00|0,00|0,00|0,00|0|0|0,00|8,43|38,82|0|0|
|C100|0|1|55|55|00|18|801287|26150212023966003149550180008012871006405054|23022015|24022015|1419,98|1|0,00|0|1419,98|9|0,00|0,00|0,00|1413,13|240,23|0|0|0,00|23,43|107,92|0|0|
|C100|0|1|584|55|00|1|62349|26150208690652000107550010000623491530624189|23022015|24022015|876,00|1|0,00|0|876,00|9|0,00|0,00|0,00|876,00|148,92|0|0|0,00|14,45|66,57|0|0|
|C100|0|1|866|55|00|1|2405|26150206859574000104550010000024051000024053|24022015|25022015|1750,00|0|0,00|0|1750,00|9|0,00|0,00|0,00|1750,00|297,50|0|0|0,00|0,00|0,00|0|0|
|C100|0|1|482|55|00|1|368581|26150241221516000577550010003685811684000022|24022015|25022015|59,01|1|0,00|0|59,01|9|0,00|0,00|0,00|59,01|10,03|0|0|0,00|0,00|0,00|0|0|
|C100|0|1|104|55|00|1|563763|26150201405269000110550010005637631557400010|24022015|25022015|446,10|1|0,00|0|441,13|9|0,00|0,00|0,00|418,03|71,07|0|0|1,81|0,00|0,00|0|0|
|C100|0|1|92|55|00|1|651877|26150200231329000163550010006518771189877239|23022015|25022015|562,12|1|0,00|0|562,12|9|0,00|0,00|0,00|562,12|95,56|0|0|0,00|0,57|2,63|0|0|
|C100|0|1|596|55|00|1|112971|26150212620757000167550010001129711109613069|24022015|24022015|447,87|0|15,00|0|462,87|9|0,00|0,00|0,00|447,87|76,14|0|0|0,00|1,10|5,10|0|0|
|C100|0|1|77|55|00|1|1137537|26150200048785001810550010011375371130422780|24022015|25022015|83,15|0|0,00|0|78,10|9|0,00|0,00|0,00|0,00|0,00|0|0|0,66|0,00|0,00|0|0|
|C100|0|1|77|55|00|1|1137846|26150200048785001810550010011378461438764746|24022015|25022015|36,00|0|0,00|0|35,55|9|0,00|0,00|0,00|0,00|0,00|0|0|0,00|0,00|0,00|0|0|
|C100|0|1|440|55|00|2|26436|26150212423658000195550020000264361000264365|24022015|25022015|563,00|1|0,00|0|563,00|9|0,00|0,00|0,00|563,00|95,71|0|0|0,00|9,29|42,80|0|0|
|C100|0|1|802|55|00|1|13368|26150203651710000170550010000133681000050101|21022015|25022015|225,00|0|0,00|0|225,00|9|0,00|0,00|0,00|225,00|38,25|0|0|0,00|0,99|4,56|0|0|
|C100|0|1|825|55|00|2|23132|26150212389339000100550020000231321000231324|24022015|25022015|238,29|1|0,00|0|238,29|9|0,00|0,00|0,00|238,29|40,51|0|0|0,00|3,93|18,09|0|0|
|C100|0|1|567|55|00|1|583097|26150208029696000352550010005830971004541003|25022015|25022015|1010,35|1|0,00|0|1010,35|9|0,00|0,00|0,00|953,79|162,14|0|0|0,00|11,52|53,07|0|0|
|C100|0|1|567|55|00|1|583098|26150208029696000352550010005830981004541027|25022015|25022015|682,56|1|0,00|0|682,56|9|0,00|0,00|0,00|0,00|0,00|0|0|0,00|0,00|0,00|0|0|
|C100|0|1|381|55|00|4|4372828|26150208715757000173550040043728281043728285|24022015|25022015|828,56|1|0,00|0|778,01|9|0,00|0,00|6,48|70,20|11,93|0|0|29,78|0,00|0,00|0|0|
|C100|0|1|381|55|00|4|4372829|26150208715757000173550040043728291043728290|24022015|25022015|287,76|1|0,00|0|273,40|9|0,00|0,00|2,35|38,99|6,63|0|0|5,89|0,64|2,96|0|0|
|C100|0|1|381|55|00|4|4372831|26150208715757000173550040043728311043728310|24022015|25022015|50,16|1|0,00|0|47,04|9|0,00|0,00|0,43|0,00|0,00|0|0|1,78|0,00|0,00|0|0|
|C100|0|1|381|55|00|4|4372830|26150208715757000173550040043728301043728305|24022015|25022015|691,07|1|0,00|0|650,04|9|0,00|0,00|5,99|98,27|16,71|0|0|26,18|0,00|0,00|0|0|
|C100|0|1|137|55|00|55|114415|26150203619029000144550550001144151001144154|24022015|25022015|212,42|1|0,00|0|212,42|9|0,00|0,00|0,00|212,42|36,11|0|0|0,00|1,89|8,70|0|0|
|C100|1|0|234|55|00|1|28|26150218948432000194550010000000281000000280|25022015|25022015|152,10|1|0,00|0|152,10|9|0,00|0,00|0,00|122,30|20,79|0|0|0,00|2,52|11,56|0|0|
|C100|0|1|838|55|00|1|2384|26150217941630000163550010000023841000190722|24022015|25022015|961,00|0|0,00|0|961,00|9|0,00|0,00|0,00|198,00|33,66|0|0|0,00|0,00|0,00|0|0|
|C100|0|1|812|55|00|1|799|26150202079587000100550010000007991908856064|25022015|25022015|325,60|0|0,00|0|325,60|9|0,00|0,00|0,00|0,00|0,00|0|0|0,00|1,63|7,48|0|0|
|C100|0|1|847|55|00|1|293|26150220652908000197550010000002931197947065|23022015|25022015|84,00|0|0,00|0|84,00|9|0,00|0,00|0,00|0,00|0,00|0|0|0,00|1,39|6,38|0|0|
|C100|0|1|802|55|00|1|13392|26150203651710000170550010000133921000050727|24022015|25022015|130,00|0|0,00|0|130,00|9|0,00|0,00|0,00|130,00|22,10|0|0|0,00|0,91|4,18|0|0|
|C100|0|1|791|55|00|1|6731|26150209011959000105550010000067311000067310|25022015|25022015|449,10|1|0,00|0|449,10|9|0,00|0,00|0,00|0,00|0,00|0|0|0,00|0,00|0,00|0|0|
|C100|0|1|329|55|00|1|569849|26150207534303000133550010005698491111025024|25022015|26022015|937,55|1|0,00|0|937,55|9|0,00|0,00|0,00|242,00|41,14|0|0|0,00|0,00|0,00|0|0|
|C100|0|1|147|55|00|5|1074051|26150201838723016201550050010740511260601349|25022015|26022015|1691,62|1|54,26|0|1745,88|9|0,00|0,00|0,00|1691,62|287,58|0|0|0,00|13,25|61,01|0|0|
|C100|0|1|147|55|00|5|1074056|26150201838723016201550050010740561730836718|25022015|26022015|1329,19|1|65,34|0|1394,53|9|0,00|0,00|0,00|1128,86|191,91|0|0|0,00|13,92|64,17|0|0|
|C100|0|1|828|55|00|1|19|26150209135822000154550010000000191000000191|24022015|26022015|216,00|0|0,00|0|216,00|9|0,00|0,00|0,00|0,00|0,00|0|0|0,00|0,00|0,00|0|0|
|C100|0|1|500|55|00|1|43498|26150206859411000113550010000434981111025029|25022015|26022015|1645,95|0|0,00|0|1645,95|9|0,00|0,00|0,00|1645,95|279,81|0|0|0,00|26,15|120,38|0|0|
|C100|0|1|777|55|00|1|184599|26150250221019006339550010001845991134250852|25022015|26022015|694,36|1|0,00|0|639,70|9|0,00|0,00|3,28|0,00|0,00|0|0|0,00|0,00|0,00|0|0|
|C100|0|1|393|55|00|1|129257|26150228053619004685550010001292571676679060|26022015|26022015|135,24|1|0,00|0|134,76|9|0,00|0,00|0,00|134,76|22,91|0|0|0,48|2,22|10,24|0|0|
|C100|0|1|766|55|00|23|699351|26150207526557002315550230006993511749243880|26022015|26022015|1465,20|1|1523,74|0|2631,16|9|0,00|0,00|17,13|0,00|0,00|0|0|110,65|0,00|0,00|0|0|
|C100|0|1|777|55|00|1|184600|26150250221019006339550010001846001216609253|25022015|26022015|253,93|1|0,00|0|244,03|9|0,00|0,00|1,12|0,00|0,00|0|0|0,00|0,00|0,00|0|0|
|C100|1|0|680|55|00|1|29|26150218948432000194550010000000291000000295|26022015|26022015|36,39|1|0,00|0|36,39|9|0,00|0,00|0,00|0,00|0,00|0|0|0,00|0,60|2,77|0|0|
|C100|0|1|38|55|00|4|350440|26150204054534000151550040003504401111026027|26022015|26022015|1005,33|1|0,00|0|941,28|9|0,00|0,00|0,00|182,11|30,96|0|0|0,00|2,77|12,75|0|0|
|C100|0|1|38|55|00|4|350441|26150204054534000151550040003504411111026024|26022015|26022015|995,22|1|0,00|0|955,90|9|0,00|0,00|0,00|412,21|70,08|0|0|0,00|7,93|36,58|0|0|
|C100|0|1|819|55|00|101|151621|27150219273747000575551010001516211007405430|25022015|26022015|570,98|1|0,00|0|570,98|9|0,00|0,00|0,00|536,96|64,44|0|0|0,00|0,00|0,00|0|0|
|C100|0|1|680|55|00|1|166592|26150269933844000191550010001665921896180116|26022015|26022015|915,89|1|0,00|0|884,65|9|0,00|0,00|0,00|537,95|91,45|0|0|0,00|0,00|0,00|0|0|
|C100|0|1|680|55|00|1|166595|26150269933844000191550010001665951114132502|26022015|26022015|1213,28|1|0,00|0|1213,28|9|0,00|0,00|0,00|1213,28|206,26|0|0|0,00|20,03|92,21|0|0|
|C100|0|1|680|55|00|1|166594|26150269933844000191550010001665941734564410|26022015|26022015|905,89|1|0,00|0|905,89|9|0,00|0,00|0,00|0,00|0,00|0|0|0,00|14,94|68,85|0|0|
|C100|0|1|166|55|00|56|89258|26150235401447000157550560000892581802005108|25022015|26022015|676,36|1|0,00|0|676,36|9|0,00|0,00|0,00|676,36|114,98|0|0|0,00|0,00|0,00|0|0|
|C100|0|1|759|55|00|1|43989|26150204080070000158550010000439891111026027|26022015|26022015|3072,70|1|15,61|0|3088,31|9|0,00|0,00|0,00|946,58|170,65|0|0|0,00|38,95|179,23|0|0|
|C100|0|1|541|55|00|1|630411|26150260409075019252550010006304111016187330|25022015|27022015|1747,07|1|0,00|0|1747,07|9|0,00|0,00|0,00|1747,07|297,00|0|0|0,00|22,28|102,41|0|0|
|C100|0|1|541|55|00|1|630413|26150260409075019252550010006304131424235056|25022015|27022015|404,09|1|0,00|0|404,09|9|0,00|0,00|0,00|0,00|0,00|0|0|0,00|5,64|25,99|0|0|
|C100|0|1|541|55|00|1|630412|26150260409075019252550010006304121423685000|25022015|27022015|25,07|1|0,00|0|25,07|9|0,00|0,00|0,00|25,07|4,26|0|0|0,00|0,41|1,91|0|0|
|C100|0|1|53|55|00|1|1280217|26150275315333008789550010012802171012802170|25022015|27022015|2020,87|1|0,00|0|2020,87|9|0,00|0,00|0,00|2020,87|343,55|0|0|0,00|8,80|40,51|0|0|
|C100|0|1|53|55|00|1|1280219|26150275315333008789550010012802191012802191|25022015|27022015|1830,25|1|0,00|0|1830,25|9|0,00|0,00|0,00|0,00|0,00|0|0|0,00|9,64|44,33|0|0|
|C100|1|0|31|55|00|1|30|26150218948432000194550010000000301000000300|27022015|27022015|569,10|1|0,00|0|569,10|9|0,00|0,00|0,00|0,00|0,00|0|0|0,00|9,39|43,25|0|0|
|C100|0|1|53|55|00|1|1280220|26150275315333008789550010012802201012802206|25022015|27022015|710,22|1|0,00|0|710,22|9|0,00|0,00|0,00|0,00|0,00|0|0|0,00|9,13|42,12|0|0|
|C100|0|1|53|55|00|1|1280218|26150275315333008789550010012802181012802186|25022015|27022015|185,76|1|0,00|0|185,76|9|0,00|0,00|0,00|185,76|31,58|0|0|0,00|3,07|14,12|0|0|
|C100|0|1|75|55|00|1|182300|26150210690063000170550010001823001273721580|25022015|27022015|2005,79|1|0,00|0|1928,12|9|0,00|0,00|0,00|1928,12|327,78|0|0|77,67|31,83|146,54|0|0|
|C100|0|1|58|55|00|1|87051|26150235716968000101550010000870511000870510|26022015|27022015|789,74|1|0,00|0|787,84|9|0,00|0,00|0,00|707,28|129,76|0|0|0,00|10,69|49,16|0|0|
|C100|0|1|359|55|00|1|169843|26150208811226003876550010001698431011868988|24022015|27022015|1393,93|0|12,94|0|1406,87|9|0,00|0,00|0,00|1126,23|191,46|0|0|0,00|5,53|25,54|0|0|
|C100|0|1|31|55|00|1|1925202|26150270089974000179550010019252021445518328|27022015|27022015|899,51|1|0,00|0|899,51|9|0,00|0,00|0,00|579,13|98,45|0|0|0,00|14,85|68,36|0|0|
|C100|0|1|31|55|00|1|1925201|26150270089974000179550010019252011290450710|27022015|27022015|525,37|1|0,00|0|525,37|9|0,00|0,00|0,00|0,00|0,00|0|0|0,00|7,23|33,40|0|0|
|C100|0|1|31|55|00|1|1925204|26150270089974000179550010019252041040688834|27022015|27022015|429,78|1|0,00|0|394,25|9|0,00|0,00|0,00|0,00|0,00|0|0|0,00|0,00|0,00|0|0|
|C100|0|1|31|55|00|1|1925206|26150270089974000179550010019252061030391400|27022015|27022015|159,16|1|0,00|0|159,16|9|0,00|0,00|0,00|0,00|0,00|0|0|0,00|1,31|6,05|0|0|
|C100|0|1|31|55|00|1|1925205|26150270089974000179550010019252051527817894|27022015|27022015|1329,88|1|0,00|0|1329,88|9|0,00|0,00|0,00|365,89|62,20|0|0|0,00|14,42|66,43|0|0|
|C100|0|1|480|55|00|2|129835|26150210960053000108550020001298351000111754|26022015|27022015|423,81|1|0,00|0|409,52|9|0,00|0,00|1,40|231,24|39,31|0|0|0,00|6,74|31,13|0|0|
|C100|0|1|480|55|00|2|129838|26150210960053000108550020001298381000111756|26022015|27022015|1146,20|1|0,00|0|1069,40|9|0,00|0,00|1,40|266,20|45,25|0|0|0,00|3,25|14,95|0|0|
|C100|0|1|463|55|00|1|73109|26150212716375000131550010000731091000000019|26022015|27022015|125,52|1|0,00|0|125,52|9|0,00|0,00|0,00|125,52|21,34|0|0|0,00|0,00|0,00|0|0|
|C100|0|1|403|55|00|1|137799|26150207620045000108550010001377991001377995|27022015|27022015|173,68|1|0,00|0|173,68|9|0,00|0,00|0,00|173,68|29,53|0|0|0,00|1,81|8,34|0|0|
|C100|0|1|403|55|00|1|137800|26150207620045000108550010001378001001378005|27022015|27022015|396,55|1|0,00|0|396,55|9|0,00|0,00|0,00|28,76|4,89|0|0|0,00|4,08|18,75|0|0|
|C100|0|1|42|55|00|1|2102469|26150205476815000165550010021024691111026026|26022015|27022015|1999,53|1|0,00|0|1837,12|9|0,00|0,00|0,00|106,99|18,19|0|0|0,00|3,40|15,74|0|0|
|C100|0|1|471|55|00|1|497|26150209581716000102550010000004971000020209|27022015|27022015|296,87|0|0,00|0|296,87|9|0,00|0,00|0,00|0,00|0,00|0|0|0,00|4,90|22,56|0|0|
|C100|0|1|70|55|00|1|491980|26150207306229000106550010004919801111025020|25022015|27022015|1499,00|1|0,00|0|1499,00|9|0,00|0,00|0,00|619,00|105,23|0|0|0,00|1,23|5,70|0|0|
|C100|0|1|329|55|00|1|570088|26150207534303000133550010005700881111026028|26022015|27022015|512,06|1|0,00|0|512,06|9|0,00|0,00|0,00|0,00|0,00|0|0|0,00|0,00|0,00|0|0|
|C100|0|1|107|55|00|5|133213|26150203226633000100550050001332131215089331|25022015|27022015|1338,00|1|0,00|0|1338,00|9|0,00|0,00|0,00|50,00|8,50|0|0|0,00|0,83|3,80|0|0|
|C100|0|1|43|55|00|1|1008086|26150222924203000379550010010080861001019133|26022015|27022015|695,87|0|0,00|0|695,87|9|0,00|0,00|0,00|594,17|101,01|0|0|0,00|9,74|45,11|0|0|
|C100|0|1|48|55|00|3|442523|26150202678694000227550030004425231111025023|25022015|27022015|676,46|1|0,00|0|676,46|9|0,00|0,00|0,00|676,46|115,00|0|0|0,00|11,17|51,41|0|0|
|C100|0|1|816|55|00|1|1947|26150214518976000165550010000019471500443816|26022015|27022015|240,50|1|0,00|0|240,50|9|0,00|0,00|0,00|0,00|0,00|0|0|0,00|3,98|18,26|0|0|
|C100|0|1|766|55|00|23|700966|26150207526557002315550230007009661230349166|26022015|27022015|645,79|1|288,24|0|867,88|9|0,00|0,00|7,53|24,49|4,16|0|0|23,98|0,00|0,00|0|0|
|C100|0|1|766|55|00|23|700967|26150207526557002315550230007009671295750350|26022015|27022015|109,23|1|73,55|0|171,26|9|0,00|0,00|1,28|0,00|0,00|0|0|4,50|0,00|0,00|0|0|
|C100|0|1|572|55|00|1|197962|26150207715769000135550010001979621004457447|27022015|27022015|1267,15|1|0,00|0|1267,15|9|0,00|0,00|0,00|0,00|0,00|0|0|0,00|0,00|0,00|0|0|
|C100|0|1|329|55|00|1|566937|26150207534303000133550010005669371111012020|12022015|27022015|1675,92|1|0,00|0|1675,92|9|0,00|0,00|0,00|742,20|126,17|0|0|0,00|0,00|0,00|0|0|
|C100|0|1|802|55|00|1|13425|26150203651710000170550010000134251000051610|27022015|27022015|260,00|0|0,00|0|260,00|9|0,00|0,00|0,00|230,00|39,10|0|0|0,00|0,00|0,00|0|0|
|C100|0|1|795|55|00|1|865|26150220081184000179550010000008651003002004|26022015|27022015|4628,00|0|0,00|0|4628,00|9|0,00|0,00|0,00|0,00|0,00|0|0|0,00|0,00|0,00|0|0|
|C100|0|1|822|55|00|1|29103|26150211623188001201550010000291031000291035|27022015|27022015|349,80|1|0,00|0|349,80|9|0,00|0,00|0,00|0,00|0,00|0|0|0,00|5,77|26,58|0|0|
|C100|0|1|381|55|00|4|4381966|26150208715757000173550040043819661043819669|27022015|28022015|289,15|1|0,00|0|271,28|9|0,00|0,00|2,33|0,00|0,00|0|0|8,62|0,00|0,00|0|0|
|C100|0|1|381|55|00|4|4381967|26150208715757000173550040043819671043819674|27022015|28022015|306,37|1|0,00|0|286,19|9|0,00|0,00|2,71|0,00|0,00|0|0|13,67|0,00|0,00|0|0|
|C100|0|1|864|01|00|1|105||28022015|28022015|92,00|0|0,00|0|92,00|9|0,00|0,00|0,00|0,00|0,00|0|0|0,00|0,00|0,00|0|0|
|C100|0|1|383|01|00|19|20754||27022015|27022015|492,52|0|62,23|0|554,75|9|0,00|0,00|0,00|399,17|67,86|0|0|0,00|9,16|42,17|0|0|
|C100|0|1|494|01|00|25|13427||28022015|28022015|46,04|0|0,00|0|46,04|9|0,00|0,00|0,00|0,00|0,00|0|0|0,00|0,76|3,50|0|0|
|C100|0|1|494|01|00|25|13426||28022015|28022015|332,72|0|0,00|0|332,72|9|0,00|0,00|0,00|0,00|0,00|0|0|0,00|5,52|25,28|0|0|
|C100|0|1|680|55|00|1|166593|26150269933844000191550010001665931735752689|26022015|28022015|776,20|1|0,00|0|776,20|9|0,00|0,00|0,00|0,00|0,00|0|0|0,00|10,76|49,72|0|0|
|C100|0|1|670|55|00|1|35668|26150216849231001267550010000356681473280522|28022015|28022015|2047,29|1|0,00|0|2047,29|9|0,00|0,00|0,00|496,29|84,37|0|0|0,00|4,12|18,97|0|0|
|C100|0|1|805|55|00|1|1036|26150210367277000100550010000010361243040711|25022015|28022015|4000,00|0|0,00|0|4000,00|9|0,00|0,00|0,00|0,00|0,00|0|0|0,00|66,00|304,00|0|0|
|C100|0|1|7|55|00|1|421250|26150205157816000147550010004212501167662530|27022015|28022015|160,08|1|0,00|0|160,08|9|0,00|0,00|0,00|160,08|27,21|0|0|0,00|2,64|12,16|0|0|
|C100|0|1|42|55|00|1|2106761|26150205476815000165550010021067611111028025|28022015|28022015|674,39|1|0,00|0|616,09|9|0,00|0,00|0,00|46,28|7,87|0|0|0,00|1,81|8,31|0|0|
|C100|0|1|83|55|00|3|199698|26150269944973000185550030001996981111028025|28022015|28022015|856,68|1|0,00|0|856,68|9|0,00|0,00|0,00|808,99|137,53|0|0|0,00|10,26|47,26|0|0|
|C100|0|1|810|55|00|1|3630|26150205524402000109550010000036301000036533|28022015|28022015|2010,00|0|0,00|0|2010,00|9|0,00|0,00|0,00|2010,00|341,70|0|0|0,00|22,95|105,64|0|0|
|C100|0|1|809|55|00|1|2442|26150205848923000111550010000024421000024644|28022015|28022015|24690,00|0|0,00|0|24690,00|9|0,00|0,00|0,00|2640,00|448,80|0|0|0,00|0,00|0,00|0|0|
|C100|0|1|234|55|00|1|173636|26150205554866000168550010001736361111028023|28022015|28022015|598,73|1|0,00|0|598,73|9|0,00|0,00|0,00|214,46|36,46|0|0|0,00|9,90|45,49|0|0|
